2 0
3 0
4 1
5 2
6 2
7 3
8 3
9 6
10 7
11 8
12 8
13 10
14 10
15 11
16 10
17 12
18 12
19 13
20 13
21 15
22 15
23 16
24 16
25 22
26 23
27 24
28 24
29 26
30 26
31 28
32 28
33 30
34 30
35 31
36 30
37 33
38 33
39 34
40 34
41 36
42 36
43 38
44 38
45 40
46 40
47 41
48 41
49 50
50 51
51 52
52 52
53 54
54 54
55 56
56 56
57 59
58 59
59 60
60 60
61 63
62 63
63 64
64 63
65 66
66 66
67 68
68 68
69 70
70 70
71 71
72 71
73 75
74 75
75 76
76 76
77 78
78 78
79 80
80 80
81 91
82 92
83 93
84 93
85 96
86 96
87 97
88 97
89 100
90 100
91 103
92 103
93 105
94 105
95 106
96 106
97 110
98 110
99 111
100 110
101 113
102 113
103 115
104 115
105 118
106 118
107 119
108 119
109 122
110 122
111 124
112 124
113 127
114 127
115 129
116 129
117 131
118 131
119 132
120 132
121 147
122 148
123 149
124 149
125 151
126 151
127 153
128 153
129 156
130 156
131 158
132 158
133 162
134 162
135 163
136 163
137 166
138 166
139 168
140 168
141 171
142 171
143 172
144 171
145 176
146 176
147 177
148 177
149 179
150 179
151 182
152 182
153 185
154 185
155 186
156 186
157 190
158 190
159 191
160 191
161 195
162 195
163 197
164 197
165 199
166 199
167 200
168 200
169 217
170 218
171 220
172 220
173 222
174 222
175 224
176 224
177 227
178 227
179 228
180 228
181 233
182 233
183 235
184 235
185 238
186 238
187 240
188 240
189 242
190 242
191 244
192 244
193 249
194 249
195 250
196 249
197 252
198 252
199 254
200 254
201 258
202 258
203 259
204 259
205 263
206 263
207 264
208 264
209 267
210 267
211 271
212 271
213 273
214 273
215 274
216 274
217 279
218 279
219 280
220 280
221 283
222 283
223 285
224 285
225 303
226 304
227 305
228 305
229 309
230 309
231 311
232 311
233 314
234 314
235 316
236 316
237 318
238 318
239 320
240 320
241 327
242 327
243 328
244 328
245 330
246 330
247 332
248 332
249 335
250 335
251 337
252 337
253 342
254 342
255 343
256 342
257 346
258 346
259 348
260 348
261 351
262 351
263 352
264 352
265 357
266 357
267 359
268 359
269 361
270 361
271 364
272 364
273 368
274 368
275 369
276 369
277 373
278 373
279 374
280 374
281 379
282 379
283 381
284 381
285 383
286 383
287 384
288 384
289 406
290 407
291 409
292 409
293 411
294 411
295 414
296 414
297 417
298 417
299 418
300 418
301 423
302 423
303 424
304 424
305 428
306 428
307 431
308 431
309 434
310 434
311 436
312 436
313 441
314 441
315 442
316 442
317 444
318 444
319 446
320 446
321 451
322 451
323 453
324 452
325 457
326 457
327 458
328 458
329 461
330 461
331 464
332 464
333 466
334 466
335 467
336 467
337 474
338 474
339 475
340 475
341 478
342 478
343 481
344 481
345 484
346 484
347 485
348 485
349 489
350 489
351 492
352 492
353 496
354 496
355 498
356 498
357 500
358 500
359 501
360 501
361 526
362 527
363 528
364 528
365 531
366 531
367 533
368 533
369 537
370 537
371 539
372 539
373 543
374 543
375 544
376 544
377 547
378 547
379 551
380 551
381 555
382 555
383 556
384 556
385 562
386 562
387 563
388 563
389 565
390 565
391 568
392 568
393 572
394 572
395 573
396 573
397 578
398 578
399 579
400 578
401 584
402 584
403 586
404 586
405 588
406 588
407 590
408 590
409 595
410 595
411 597
412 597
413 599
414 599
415 602
416 602
417 606
418 606
419 607
420 607
421 614
422 614
423 615
424 615
425 618
426 618
427 620
428 620
429 622
430 622
431 624
432 624
433 631
434 631
435 633
436 633
437 635
438 635
439 637
440 637
441 662
442 663
443 664
444 664
445 668
446 668
447 669
448 669
449 674
450 674
451 678
452 678
453 680
454 680
455 681
456 681
457 686
458 686
459 687
460 687
461 691
462 691
463 695
464 695
465 699
466 699
467 700
468 700
469 705
470 705
471 707
472 707
473 710
474 710
475 712
476 712
477 715
478 715
479 716
480 716
481 724
482 724
483 725
484 724
485 727
486 727
487 730
488 730
489 733
490 733
491 736
492 736
493 740
494 740
495 741
496 741
497 745
498 745
499 747
500 747
501 751
502 751
503 752
504 752
505 759
506 759
507 761
508 761
509 763
510 763
511 766
512 766
513 770
514 770
515 771
516 771
517 775
518 775
519 777
520 777
521 782
522 782
523 785
524 785
525 787
526 787
527 788
528 788
529 817
530 818
531 820
532 820
533 823
534 823
535 825
536 825
537 828
538 828
539 829
540 829
541 836
542 836
543 837
544 837
545 841
546 841
547 844
548 844
549 846
550 846
551 849
552 849
553 855
554 855
555 856
556 856
557 858
558 858
559 861
560 861
561 868
562 868
563 869
564 869
565 873
566 873
567 874
568 874
569 877
570 877
571 880
572 880
573 883
574 883
575 885
576 884
577 892
578 892
579 893
580 893
581 897
582 897
583 899
584 899
585 902
586 902
587 903
588 903
589 908
590 908
591 910
592 910
593 914
594 914
595 918
596 918
597 920
598 920
599 921
600 921
601 929
602 929
603 931
604 931
605 933
606 933
607 935
608 935
609 939
610 939
611 941
612 941
613 946
614 946
615 947
616 947
617 952
618 952
619 954
620 954
621 958
622 958
623 959
624 959
625 990
626 991
627 992
628 992
629 994
630 994
631 999
632 999
633 1002
634 1002
635 1003
636 1003
637 1007
638 1007
639 1009
640 1009
641 1015
642 1015
643 1017
644 1017
645 1020
646 1020
647 1021
648 1021
649 1028
650 1028
651 1031
652 1031
653 1033
654 1033
655 1035
656 1035
657 1039
658 1039
659 1041
660 1041
661 1048
662 1048
663 1049
664 1049
665 1052
666 1052
667 1055
668 1055
669 1057
670 1057
671 1059
672 1059
673 1067
674 1067
675 1068
676 1067
677 1070
678 1070
679 1072
680 1072
681 1077
682 1077
683 1079
684 1079
685 1084
686 1084
687 1086
688 1086
689 1090
690 1090
691 1093
692 1093
693 1095
694 1095
695 1096
696 1096
697 1102
698 1102
699 1103
700 1103
701 1108
702 1108
703 1112
704 1112
705 1117
706 1117
707 1118
708 1118
709 1122
710 1122
711 1124
712 1124
713 1127
714 1127
715 1130
716 1130
717 1132
718 1132
719 1133
720 1133
721 1143
722 1143
723 1144
724 1144
725 1146
726 1146
727 1149
728 1149
729 1180
730 1181
731 1183
732 1183
733 1187
734 1187
735 1188
736 1188
737 1192
738 1192
739 1195
740 1195
741 1199
742 1199
743 1201
744 1201
745 1207
746 1207
747 1208
748 1208
749 1211
750 1211
751 1214
752 1214
753 1218
754 1218
755 1220
756 1220
757 1227
758 1227
759 1228
760 1228
761 1233
762 1233
763 1235
764 1235
765 1237
766 1237
767 1238
768 1238
769 1245
770 1245
771 1249
772 1249
773 1251
774 1251
775 1254
776 1254
777 1257
778 1257
779 1258
780 1258
781 1265
782 1265
783 1266
784 1265
785 1271
786 1271
787 1273
788 1273
789 1275
790 1275
791 1277
792 1277
793 1285
794 1285
795 1286
796 1286
797 1288
798 1288
799 1291
800 1291
801 1297
802 1297
803 1298
804 1298
805 1302
806 1302
807 1304
808 1304
809 1307
810 1307
811 1311
812 1311
813 1315
814 1315
815 1317
816 1317
817 1324
818 1324
819 1325
820 1325
821 1329
822 1329
823 1331
824 1331
825 1334
826 1334
827 1336
828 1336
829 1341
830 1341
831 1343
832 1343
833 1348
834 1348
835 1350
836 1350
837 1353
838 1353
839 1354
840 1354
841 1392
842 1393
843 1394
844 1394
845 1396
846 1396
847 1399
848 1399
849 1403
850 1403
851 1405
852 1405
853 1409
854 1409
855 1411
856 1411
857 1414
858 1414
859 1418
860 1418
861 1422
862 1422
863 1423
864 1423
865 1431
866 1431
867 1432
868 1432
869 1436
870 1436
871 1440
872 1440
873 1443
874 1443
875 1444
876 1444
877 1448
878 1448
879 1449
880 1449
881 1456
882 1456
883 1460
884 1460
885 1463
886 1463
887 1464
888 1464
889 1470
890 1470
891 1472
892 1472
893 1474
894 1474
895 1476
896 1476
897 1482
898 1482
899 1483
900 1482
901 1490
902 1490
903 1492
904 1492
905 1495
906 1495
907 1497
908 1497
909 1499
910 1499
911 1503
912 1503
913 1510
914 1510
915 1511
916 1511
917 1513
918 1513
919 1516
920 1516
921 1521
922 1521
923 1522
924 1522
925 1529
926 1529
927 1530
928 1530
929 1534
930 1534
931 1538
932 1538
933 1540
934 1540
935 1541
936 1541
937 1549
938 1549
939 1551
940 1551
941 1555
942 1555
943 1557
944 1557
945 1561
946 1561
947 1563
948 1563
949 1567
950 1567
951 1569
952 1569
953 1574
954 1574
955 1577
956 1577
957 1579
958 1579
959 1580
960 1580
961 1620
962 1621
963 1623
964 1623
965 1625
966 1625
967 1628
968 1628
969 1632
970 1632
971 1634
972 1634
973 1639
974 1639
975 1640
976 1640
977 1644
978 1644
979 1646
980 1646
981 1652
982 1652
983 1653
984 1653
985 1659
986 1659
987 1660
988 1660
989 1663
990 1663
991 1669
992 1669
993 1674
994 1674
995 1676
996 1676
997 1680
998 1680
999 1681
1000 1681
